agent: DeepPPOAgent
env: GBMVanillaEnv
run_id: tuned_v1
n_trials_completed: 30
best_trial: 23
best_sharpe: 1.479859
best_mean_pnl: 21.0711
best_std_pnl: 14.2386
search_budget_steps: 30000
params:
  learning_rate: 0.001757015857929204
  n_steps: 1024
  batch_size: 64
  n_epochs: 3
  gamma: 0.9244247897308697
  ent_coef: 0.0016329912033098406
  clip_range: 0.3
  gae_lambda: 0.8265728394558723
  total_timesteps: 200000
  policy_kwargs:
    net_arch:
    - 128
    - 128
    activation_fn: ReLU
  use_vec_env: false
  verbose: 0
