agent: DeepPPOAgent
env: ABMJumpRegimeEnv
run_id: tuned_v1
n_trials_completed: 30
best_trial: 1
best_sharpe: 0.988793
best_mean_pnl: 18.6728
best_std_pnl: 18.8844
search_budget_steps: 30000
params:
  learning_rate: 7.476312062252303e-05
  n_steps: 512
  batch_size: 256
  n_epochs: 6
  gamma: 0.9592414568862042
  ent_coef: 0.000137832374550072
  clip_range: 0.1
  gae_lambda: 0.9897771074506666
  total_timesteps: 200000
  policy_kwargs:
    net_arch:
    - 128
    - 128
    activation_fn: ReLU
  use_vec_env: false
  verbose: 0
