agent: DeepPPOAgent
env: OUJumpRegimeEnv
run_id: tuned_v1
n_trials_completed: 30
best_trial: 27
best_sharpe: 1.837451
best_mean_pnl: 4.6518
best_std_pnl: 2.5317
search_budget_steps: 30000
params:
  learning_rate: 5.65502114919542e-05
  n_steps: 1024
  batch_size: 256
  n_epochs: 4
  gamma: 0.9735255327246911
  ent_coef: 0.00031223286214431255
  clip_range: 0.3
  gae_lambda: 0.8943339623686637
  total_timesteps: 200000
  policy_kwargs:
    net_arch:
    - 128
    - 128
    activation_fn: ReLU
  use_vec_env: false
  verbose: 0
