agent: LSTMPPOAgent
env: GBMVanillaEnv
run_id: tuned_v1
n_trials_completed: 30
best_trial: 20
best_sharpe: 1.081579
best_mean_pnl: 11.1153
best_std_pnl: 10.2769
search_budget_steps: 30000
params:
  learning_rate: 0.00344923732910501
  n_steps: 1024
  batch_size: 128
  n_epochs: 4
  gamma: 0.9578131648241193
  ent_coef: 6.297487762646404e-05
  clip_range: 0.3
  gae_lambda: 0.8853716737116522
  total_timesteps: 200000
  policy_kwargs:
    lstm_hidden_size: 32
    n_lstm_layers: 1
    shared_lstm: false
    net_arch:
    - 128
    - 128
    activation_fn: ReLU
  use_vec_env: false
  verbose: 0
