agent: LSTMPPOAgent
env: GBMJumpEnv
run_id: tuned_v1
n_trials_completed: 30
best_trial: 21
best_sharpe: 1.370184
best_mean_pnl: 11.1091
best_std_pnl: 8.1077
search_budget_steps: 30000
params:
  learning_rate: 7.888189549037134e-05
  n_steps: 256
  batch_size: 256
  n_epochs: 2
  gamma: 0.9155758577255755
  ent_coef: 8.419982015600627e-05
  clip_range: 0.2
  gae_lambda: 0.9473186951261884
  total_timesteps: 200000
  policy_kwargs:
    lstm_hidden_size: 128
    n_lstm_layers: 1
    shared_lstm: false
    net_arch:
    - 64
    - 64
    activation_fn: ReLU
  use_vec_env: false
  verbose: 0
