agent: LSTMPPOAgent
env: OURegimeEnv
run_id: tuned_v1
n_trials_completed: 30
best_trial: 8
best_sharpe: 1.519059
best_mean_pnl: 19.3491
best_std_pnl: 12.7375
search_budget_steps: 30000
params:
  learning_rate: 2.5856088907313374e-05
  n_steps: 1024
  batch_size: 64
  n_epochs: 9
  gamma: 0.9555200811599462
  ent_coef: 0.0009102519167536314
  clip_range: 0.3
  gae_lambda: 0.9800836114326661
  total_timesteps: 200000
  policy_kwargs:
    lstm_hidden_size: 256
    n_lstm_layers: 2
    shared_lstm: false
    net_arch:
    - 128
    - 128
    activation_fn: ReLU
  use_vec_env: false
  verbose: 0
