agent: LSTMPPOAgent
env: OUJumpRegimeEnv
run_id: tuned_v1
n_trials_completed: 30
best_trial: 17
best_sharpe: 1.467491
best_mean_pnl: 4.6024
best_std_pnl: 3.1363
search_budget_steps: 30000
params:
  learning_rate: 0.004270023820288378
  n_steps: 512
  batch_size: 128
  n_epochs: 6
  gamma: 0.9012255917793517
  ent_coef: 0.002397534407544475
  clip_range: 0.3
  gae_lambda: 0.9585185221461107
  total_timesteps: 200000
  policy_kwargs:
    lstm_hidden_size: 128
    n_lstm_layers: 2
    shared_lstm: false
    net_arch:
    - 128
    - 128
    activation_fn: ReLU
  use_vec_env: false
  verbose: 0
