agent: LSTMPPOAgent
env: ABMRegimeEnv
run_id: tuned_v1
n_trials_completed: 30
best_trial: 13
best_sharpe: 1.653746
best_mean_pnl: 34.4115
best_std_pnl: 20.8082
search_budget_steps: 30000
params:
  learning_rate: 0.00038031862098256315
  n_steps: 512
  batch_size: 64
  n_epochs: 4
  gamma: 0.9421069351972152
  ent_coef: 4.771005206374658e-05
  clip_range: 0.2
  gae_lambda: 0.8438088361386096
  total_timesteps: 200000
  policy_kwargs:
    lstm_hidden_size: 64
    n_lstm_layers: 1
    shared_lstm: false
    net_arch:
    - 64
    - 64
    activation_fn: ReLU
  use_vec_env: false
  verbose: 0
