agent: PPOAgent
env: OUVanillaEnv
run_id: tuned_v1
n_trials_completed: 30
best_trial: 26
best_sharpe: 1.639911
best_mean_pnl: 19.1024
best_std_pnl: 11.6485
search_budget_steps: 30000
params:
  learning_rate: 0.005652219419661577
  n_steps: 2048
  batch_size: 512
  n_epochs: 6
  gamma: 0.923272252965433
  ent_coef: 0.005506234620122256
  clip_range: 0.3
  gae_lambda: 0.9148050019897621
  total_timesteps: 150000
  use_vec_env: false
  verbose: 0
