agent: PPOAgent
env: ABMVanillaEnv
run_id: tuned_v1
n_trials_completed: 30
best_trial: 10
best_sharpe: 1.52506
best_mean_pnl: 15.2989
best_std_pnl: 10.0317
search_budget_steps: 30000
params:
  learning_rate: 0.006845570267272932
  n_steps: 1024
  batch_size: 256
  n_epochs: 4
  gamma: 0.9983877708338541
  ent_coef: 0.00886130072165195
  clip_range: 0.2
  gae_lambda: 0.9379949613316222
  total_timesteps: 150000
  use_vec_env: false
  verbose: 0
