agent: SACAgent
env: ABMJumpEnv
run_id: tuned_v1
n_trials_completed: 30
best_trial: 20
best_sharpe: 1.502128
best_mean_pnl: 12.7241
best_std_pnl: 8.4707
search_budget_steps: 10000
params:
  learning_rate: 0.00028704569675381555
  buffer_size: 200000
  batch_size: 256
  tau: 0.016431095733508524
  gamma: 0.9608958280399604
  train_freq: 1
  total_timesteps: 200000
  use_vec_env: false
  verbose: 0
  ent_coef: auto
  learning_starts: 100
