agent: SACAgent
env: ABMVanillaEnv
run_id: tuned_v1
n_trials_completed: 30
best_trial: 21
best_sharpe: 1.350835
best_mean_pnl: 12.8504
best_std_pnl: 9.5129
search_budget_steps: 10000
params:
  learning_rate: 0.0015585972545888638
  buffer_size: 200000
  batch_size: 128
  tau: 0.004485074917358716
  gamma: 0.9312677205244412
  train_freq: 2
  total_timesteps: 200000
  use_vec_env: false
  verbose: 0
  ent_coef: auto
  learning_starts: 100
