agent: TD3Agent
env: OUVanillaEnv
run_id: tuned_v1
n_trials_completed: 30
best_trial: 3
best_sharpe: 1.105762
best_mean_pnl: 16.3912
best_std_pnl: 14.8235
search_budget_steps: 10000
params:
  learning_rate: 1.2681352169084594e-05
  buffer_size: 50000
  batch_size: 256
  tau: 0.04439102767051398
  gamma: 0.9775132823361115
  train_freq: 4
  policy_delay: 4
  target_policy_noise: 0.2793699936433256
  target_noise_clip: 0.6687496940092467
  total_timesteps: 200000
  use_vec_env: false
  verbose: 0
  learning_starts: 100
